0
0.0003375
0.0013333333333333333
0.0007
0.0014
0.0019666666666666665
0.0044666666666666665
0.0001125
0.0012
0.004266666666666667
0.0017
0.0028
0.019033333333333333
0.0007333333333333333
0.0071333333333333335
0.000977777777777778
0.009166666666666667
0.0011652777777777779
0.0014333333333333336
0.0029875
0.013818181818181816
0.0004
0.005625000000000001
0.004966666666666666
0.013066666666666667
0.004979166666666667
0.008833333333333332
0.009854166666666667
0.0064625
0.006866666666666668
0.0086375
0.009741666666666666
0.018966666666666666
0.023533333333333333
0.0019500000000000001
0.0020875
0.0043
0.003966666666666667
0.0060666666666666655
0.011108333333333335
0.003943181818181818
0.004637499999999998
0.012937500000000001
0.0202875
0.025018181818181818
0.025566666666666668
0.029845833333333332
0.016300000000000002
0.018074999999999997
0.0187
0.006033333333333333
0.018766666666666664
0.019266666666666668
0.02018333333333333
0.004629166666666667
0.0035
0.006600000000000001
0.02439583333333334
0.028366666666666665
0.012133333333333333
0.009199999999999998
0.0094625
0.010733333333333334
0.007945833333333333
0.010927777777777774
0.007691666666666669
0.03224545454545454
0.0020250000000000008
0.012462499999999996
0.006066666666666667
0.009891666666666667
0.011570833333333327
0.014333333333333323
0.029629166666666658
0.03522916666666667
0.0056999999999999985
0.0062000000000000015
0.0078125
0.009388888888888888
0.018777777777777775
0.002287500000000002
0.022762499999999995
0.003112500000000002
0.005470833333333333
0.008337500000000003
0.008425000000000004
0.012255555555555554
0.013800000000000002
0.02176666666666667
0.04426818181818184
0.02259090909090909
0.037166666666666674
0.09500909090909089
0.0076708333333333325
0.026669696969696965
0.1374858585858586
0.010366666666666672
0.1183090909090909
0.02228888888888886
0.01770416666666667
